203377.8558960928
149337.37325629292
98902.61012992379
195008.715258017
133054.72191182687
180589.5143374282
199088.81477159009
181246.79685030706
95057.10152582325
201445.31240738253
116538.7090165075
200054.28119632808
140973.86166230126
158223.9252201961
130659.80188525112
145620.0672294821
170040.41174401832
166887.7466567696
136151.82004205207
183927.98050816744
160139.6848956211
175691.2112064346
166173.2914341461
154013.96874489324
137274.26545203733
101658.85551648238
154603.64370878585
145283.52952596018
148396.1660414034
157741.3590829869
185270.09617409296
167374.56352697496
119729.74289830716
177535.72013852352
158821.8861130437
155105.82821628122
199660.19740018464
127133.58439349542
141013.51551756606
177749.41678591608
117254.7021809237
141729.97903229782
104945.95106333551
122647.02061490201
125451.5049509984
116999.34830806754
205579.6112603254
186794.640230567
110970.57141478256
151377.31146135493
125698.32617918063
130091.873463158
129634.7990788952
142240.38667992735
174844.0894788066
198341.34415773218
170056.49540496842
118276.94848157183
140335.12147708348
168452.9443803234
143939.6939348398
106435.25153772833
190022.28461525936
182716.23210618386
154551.0005756363
208971.7470620336
144615.97108949634
183799.008085283
207408.1710704379
180670.78843201505
164634.4841358923
176060.07117179313
139276.50102350276
147460.69862378022
162368.38558941684
157700.8324086452
189200.9129235168
134380.6618846873
213877.42241586064
208921.26766974543
180858.0512000781
192469.5498379941
128157.81597146156
132806.32679717813
198596.75535098123
179961.43134946487
113621.41387425966
160581.86168282255
123456.70942184317
229153.42599071315
178374.47563046624
102501.17647382226
124947.62978250378
165762.4072876522
203638.12502520552
184454.68871668645
133642.62683477375
135023.12576487308
203558.4203291817
191846.04951640012
129260.0719333326
166141.09371250283
123256.42382217165
164231.5562090493
166856.0328402823
151920.95283197056
165834.15451094563
156546.39495723532
187486.9363500356
116937.26021934174
218117.69992376125
179609.7674108146
147713.86258015045
173346.36446383162
146488.160320175
149739.26824970674
124132.85101101123
120355.43819898457
140912.521691287
145118.813165117
131413.95850395132
161697.43636731518
177811.6975912967
202911.47850473408
143154.9008556092
152603.13282359246
158979.73060709264
151333.3114749995
182759.29934081947
133813.70175574961
158708.4378112593
192125.61799360166
145441.0984669823
160137.23676070652
171223.39330840355
162388.12549160482
150209.10606396003
153913.7268808533
146712.29336890805
207706.19182017125
159826.15614888346
110164.33194278135
205575.52655242835
136080.9155170563
169590.50883485936
179635.78719011936
163048.4450860811
139653.87007631492
124741.9873353466
157370.38917647226
152073.7744532419
126265.51696338008
131496.39547920384
160597.2318395462
129224.25740555345
131403.53970428137
140017.10301192995
157037.75591290888
178397.70254912387
125940.6446218218
122072.556460729
118219.61437534979
143344.63526819085
173188.1315260553
147114.13048232824
158199.02904258462
155915.460569547
146484.9648253453
111260.87643647539
183123.54868019512
152695.76207091266
176446.14255986852
158832.42118054506
167283.57381177074
126698.32087697575
155953.63400109537
196760.2900629059
165219.80132702965
190148.75956838613
122298.72778058783
192764.92382106712
195446.70952509495
129470.90122931756
144981.9899950262
143890.9831690252
148963.7543968905
197063.14276811958
139175.03772874945
121108.51086682046
149739.85765334681
106007.16270636622
105828.42349305414
173584.27018025366
181703.73687618223
142334.49922451808
200808.3735655437
193825.437428555
185601.8605138136
163650.13833127372
123378.31352379853
186718.43673859266
155079.20049070675
109138.99459659542
183783.6254964374
200599.7408909713
161162.5037534676
188960.3575718355
165336.2574610385
135046.91502492584
216206.2108261611
146521.98487881423
174132.82861484092
143741.20874736703
188494.95347750955
161875.99157800048
128977.00334261853
225379.41196941878
157191.08284247003
167458.79040884876
182535.42025094273
190947.55470695093
173261.68251753759
162532.73791262478
136149.03462743174
110083.46091490732
118578.54132782543
171401.32229153666
125742.78701842367
205765.66762738203
148197.85333929575
141542.00599912522
173711.20649356628
154395.90641950292
152024.90463923546
164361.19605845658
176151.04947923386
199980.08434122262
185677.50035678048
144212.8629473754
137608.43446203222
148960.7038701059
184654.1257483018
202689.49782654998
179757.78291910485
188319.14514234939
162230.92288502405
155706.25191058483
170434.82918734403
165268.17891397327
149533.01154401628
127654.21233469968
190217.63290346137
124052.66469582696
173698.659215288
210121.50820428488
115882.19157832777
97490.8070396003
206762.05145157137
139463.8117589128
145779.9858776276
167240.7020643369
168419.65517465875
112057.1729728328
127721.61693982259
170497.81023318548
173677.70713010462
161507.8418703176
106826.57688278738
130934.58731742813
142239.03562545349
131391.19377761506
110017.56461284331
188399.36108372785
188915.95881900308
227230.93309198445
134753.92709925876
161742.95492059898
151076.44077075328
147024.62665944724
112662.96433955006
138423.85307548163
145496.45612472974
160032.34110784103
137964.7740447093
119723.17662087898
164360.4722771126
168849.5935087198
166916.00445093864
212300.59227484246
148362.37156747232
146393.670227693
151730.05853681517
159305.86312479997
187872.54614854048
126138.60940046136
224829.5782803661
142829.00655034036
175334.9718887434
129488.57920967734
193072.43144211668
146323.85461064646
187058.50688837495
154815.59680499506
141916.19248498726
151031.1789268181
156849.8698999677
177398.05684014966
156781.63550789343
126502.8452615932
155327.02984528674
155430.5708790468
158551.4842721476
112362.07322429746
148434.27948278713
147664.86384067463
167217.89204873654
115642.1882084661
141803.10427407382
189274.9867115608
183568.4334261369
180510.32923725861
124466.61216607067
144987.06489717346
170998.22494084606
146921.84674298248
134576.84113632768
176137.83302022438
137434.42101171237
134395.54498504475
160253.7245614114
116899.64772121559
145953.23082173438
132124.30626537435
130822.15068865701
191281.3568637675
151034.05621334258
174141.5077370705
110709.33611356492
165099.94024073947
134443.60338999602
154674.26010577238
140859.03976798375
133473.25621365258
136965.22536258647
179307.35057230122
123151.97552603517
154157.97872109845
103809.75927064769
120801.87429266747
188574.90675031158
123082.57395441437
182184.60711645923
151719.04661659288
155393.86952325611
164174.25161632485
158999.07853315485
177195.91500519693
187112.90604701784
161553.74829056067
195141.54868077926
195285.22901496946
168644.53551491853
159522.23364336268
142591.78025408107
151330.14966775625
184866.37923527876
145768.9072234661
200685.30527243312
155675.78847827896
176665.89429515295
111835.11215916224
173001.14838622411
140103.7707314528
141960.1856555683
142024.0058616653
117781.61613569713
209075.4929828099
172528.80617141418
135230.49392748324
180589.74387222907
131208.4765707252
144740.14198798957
153260.45361661314
180388.23300454952
169454.25542287042
179091.78961390446
140815.0094501595
232636.32779295946
118073.15598524093
128906.77632271223
187780.2326288393
167719.7444586187
136368.60385121423
149819.09138574064
159453.77119509812
151046.81423005974
137228.19937768512
203836.86879271478
140260.85271780542
173179.4274996839
160633.20608816182
139168.68763163197
124668.0353655871
163417.34077517828
235181.4603346251
235181.4603346251
183086.41588345624
197223.39102385798
134404.61422421667
154001.8834612371
171384.22326288468
142744.70383580125
178057.41804626863
160263.55616970418
128124.63632063757
152811.12171394003
121591.93041600745
136080.3582385579
160546.57497479758
104759.84811979214
146661.50699791766
114432.79917767592
118314.57795412105
141454.83601274318
175061.92404362417
112045.33128893151
182825.79851883155
127731.15405295492
111812.42542505052
139565.67254757613
118564.42923623216
145964.7739588799
159500.87844209364
198720.97331647156
157382.27617026892
168245.72804250504
150616.9474764631
142528.83388235906
142796.4121967216
124930.84195090794
245038.32269635232
104267.05551347678
141502.64632137484
118605.41675919866
103925.5274045592
127697.21303005969
139937.77033969943
159724.69168062604
153773.78125059078
188863.7970747795
179978.13797506219
158257.2215690759
121056.66548502518
173297.8583618064
155603.80291247304
124990.12321247118
144032.37242246495
119341.09756756917
147925.82504861965
133949.45622348195
207148.66877019088
149718.37214761175
115050.61109570568
125613.02448794182
167321.81890660131
141446.9731426793
170548.59992829518
142679.03920938252
144958.68526482748
160627.14041598103
177557.4149985136
181309.61497607923
218177.66293217355
124008.2983804691
217519.69344723012
111292.43015185969
144523.0278461975
191742.56239497202
159595.9435244304
151941.58663562604
138141.50565305128
128971.06702338342
141988.15181949825
196516.94679467916
161987.71016654876
219606.8617548454
219606.8617548454
181666.41359663726
169645.73796867207
154292.74919658364
156318.20693416928
175648.33058115304
138743.54337638788
123189.14029788916
181415.00787922242
132593.55288036674
174922.43105681206
162097.44812939005
107119.74504353138
200659.0183186519
125063.74845673228
154492.5865842371
169569.94779493628
131357.72964559213
149173.97822436734
149692.8280204175
176713.92255067793
167979.8370749873
142032.6138493011
189141.6473168107
193965.03543502645
115994.04192755175
180450.7173214494
140750.95763199436
121929.69128574089
130112.76349241252
121686.34904488821
125815.79470008815
174344.82178843438
192023.3481352672
160387.40743887745
142052.8531548704
143942.6171241956
209418.80479580464
146005.53722078566
147537.39755902748
174548.44030622364
142089.99677079948
155143.76426069078
161928.18131120506
157186.50568354578
189065.89518044222
197566.93718252846
183524.97242618102
181918.26960226955
144001.46480880468
109890.5013738734
128087.23285164766
190985.6038384087
150768.04429916016
141551.7711432247
131550.76080938068
149356.24841734525
177210.68101348233
206983.4285298621
137943.1891881971
124937.02079394681
169514.32220197184
185365.0361316834
194087.87591129707
123808.44616494294
162793.78545420052
159040.87353381104
199191.66617668446
182662.8498922524
158644.97842885694
195999.4973410805
149088.36287082036
196549.5441963295
119654.74160367285
151000.98519723502
95772.35736522885
159206.30733778415
186257.28421105424
151411.64098266524
121500.48175277692
105806.14010460854
192306.8532918998
197067.31779025614
127235.83973069211
152331.14690460984
137617.49437989743
142521.3775920147
131207.56759204477
165902.8457800544
124894.95901613096
164346.3541933275
127982.00728685036
176894.49811901862
124102.79384111709
162497.22485035495
141134.93556688112
204975.58077459264
136631.81621639465
167144.4933620611
160700.77911639697
157672.70505220623
218295.2337118183
172134.64169890326
143494.6336240602
185488.90136806478
187881.3341111027
163247.78844919853
166812.69695287518
192096.94786802257
137206.2457069583
166491.75740824384
200726.8674349772
158264.46989816558
198023.40861021547
171853.10074336518
127380.94888490134
182117.41240615537
207633.70835228372
92002.42928903337
147603.760529507
139006.29770165545
206213.77186573396
189229.09484906038
134684.21747866512
158799.69236950882
151047.88918746688
144713.81636254647
107829.25794649243
174717.45630401952
130312.63400872995
131058.20546406064
134306.69075515546
166903.78200629944
150436.5490822725
166194.0322016214
155330.5963700442
175336.7448016903
144844.6784293141
161923.80573318718
156613.5849935493
148929.42676517591
225775.36740650676
177264.09243056405
163382.24632557822
149676.08723585878
130848.68217211368
182733.7265529458
130918.53268847147
159577.74345482572
115839.3875626132
149315.23200516953
112571.7155503094
177439.19695524313
160640.0593838204
174162.72946399075
173125.73970830752
139227.99584701902
132745.4038209142
138609.65787474404
158196.78210609767
153449.1924914718
157990.8622223744
180358.5572965809
151818.89432958412
156280.2079393783
175295.57725800178
138405.3375949526
120991.33677771282
168371.3914602852
191835.89649766719
138837.8543876108
117167.74830992761
134218.14311111716
149385.73900802658
152295.33498566956
174092.46049674708
134990.54245474254
168458.748668125
106412.5618795867
151836.0701387173
133351.00648145084
112104.29867152519
176271.3890127186
193675.35644798857
183333.41948835863
124436.0645067968
158122.21698859267
180746.88073303906
130332.36452694688
162694.14683699407
161348.66020203932
111704.74972580676
146799.6469629171
121640.52300082144
160058.76652371313
197294.1654656435
147709.4752094352
126633.07373009888
141830.38911096123
164404.84571518228
154159.95316855112
108863.1695902429
221034.52084417237
107799.24410860424
134160.7872454749
160685.27136685795
180713.7614014376
114773.13048957208
110524.96979841044
140402.47277932696
134041.89278357482
120002.07534450115
154106.73068881463
160570.64786669856
236704.2379351853
201028.55774275959
138964.9601989571
145693.44011881354
121026.12958349286
149968.13481443533
121777.60362407281
153819.81403283658
212117.99760654275
152532.76501731883
139752.73471247024
130272.84759949133
161756.85377595737
199301.9654402647
137360.95448121705
112616.651370897
166976.62855963805
158220.01858360917
175335.93659396065
207668.6440190657
196667.9073713133
159030.6591939583
182563.4195050664
185901.9704542547
139139.9995480252
180331.53674937424
138219.6973815988
148074.59473743057
143399.76739212047
126479.41013482491
153539.1947565408
189082.2671608834
166734.46555764548
126416.64636641937
168232.73873106056
146568.03340433992
171678.97307692672
170645.91677841774
165819.02450442192
123351.04885603978
185527.8913592476
168731.24227263677
147632.41015931478
180260.91190661467
127272.07496925491
140244.5785884494
107573.31837863674
178533.12994982005
134035.33064894087
140843.3423268949
122507.45237278506
149053.66120355442
130114.34321956454
184637.69787646696
147125.3349684777
141140.82682347792
116891.80123959022
121716.6655776721
160482.72988384345
196840.67955410498
146377.87024540736
114307.49510261655
137464.75654443688
176298.79764687738
115246.85919507209
134029.46026011198
176907.02407302894
182002.3712797811
123019.87479302654
166803.25022191176
180729.96345398453
167879.28676215085
138042.44631959373
167188.36069596154
147265.56783707932
167858.30878908242
164248.04345383332
114771.92253747206
159434.84710508838
195183.60704577446
172300.99036444462
171909.2483665275
142914.93521745416
169440.47813934594
192686.89338737796
174693.92720795498
135674.35366356486
143489.17583653776
148578.34670877238
172623.1689025167
179541.24885557935
164324.81197555625
166025.59551440037
217092.7406952766
157698.99309486343
194159.73582011802
159936.5301074521
149488.5706247071
109322.74146785407
162285.57387521496
176700.4158577074
127838.85983046617
171021.42418198
186233.7974860259
138731.42397749194
137539.65350090986
126437.2591655357
134685.79975064637
113773.63969183454
172577.3054480257
93060.95331813992
105814.8066360701
185919.48548224402
145893.32279885004
201734.32392153968
162137.40083192027
151103.21972449304
183899.71040517293
148884.00591914632
115905.80242331812
129528.80781209447
137621.24787904994
160840.84481037525
115152.4051614697
213143.18822786547
118518.665021357
190208.40484737643
210374.2169011528
193595.63962962705
156028.24698143805
111198.07433474455
190372.77326366058
156066.43120351192
133659.15820089052
139874.9512918059
129597.98671964167
161087.7776094694
149703.49148731746
160268.9457543229
176064.6582384239
166797.72837201494
113125.89579573015
122122.51524774285
161358.4952778799
149548.03775107348
171766.89730329363
176725.8050652625
214672.02157874912
172035.6780201118
152776.79697193776
122562.45263416583
131796.4287810849
141944.14442397928
154894.93601294616
106597.71726888565
136222.88778048736
180298.0525911788
140085.98584419512
149186.78363400436
136879.7503992219
153911.81665945365
129802.11595632417
180650.50677226597
192545.8770790528
138450.99736745216
137172.28950511265
116262.42666823081
190574.09226398994
126274.28435439788
218923.8146997222
150378.3273886924
163041.8254750565
162653.89194435457
213110.16630145026
180167.596292064
159557.44431026743
184838.86999961708
181425.44258137795
152059.79039890802
131387.90604713128
148869.42237483515
180551.19677718758
142044.03301587838
141836.5933718931
153584.9402039225
221452.44085206834
167902.39292823654
196780.42511740697
185240.5057191403
127120.22262797464
149729.5024681379
146181.2486689362
161698.04910027597
229877.03979702643
121096.9407379811
113081.03078694663
193097.16835111365
163757.3055149966
144608.2032247655
115163.14865043043
167434.7251598134
208401.7842603445
166114.583340564
143567.34521731635
161830.71029960836
128349.0075645075
185209.11985107095
170484.77369035638
135455.65319226575
94689.21267351309
205522.0834702531
205155.30332022897
103952.91855776592
207976.30359414435
138897.63770850084
128185.93414880926
134980.28692399128
223326.15135524512
137384.2618702996
117860.88645887491
167586.56883190293
179242.67816703295
208663.6586226524
170382.7132408201
176273.25355231843
181193.86647655285
169645.38164423208
160919.48239789173
142312.00137539822
175324.7109170884
165263.39463231876
120251.22355558799
137178.82055724473
129363.6832046263
144692.10357054407
193734.8629165551
117323.38722181533
185452.6503330809
203355.3850471463
130999.50300935052
157344.8447105828
197488.06030160154
167012.51212158485
164483.24401929913
116823.54350451652
166999.6814014613
193982.6862408291
163096.15048939554
194316.7684348858
157709.11863200314
151870.3878371658
160203.99424080708
176999.77373425677
196683.37857764622
181069.14687129468
112017.29551268551
156758.67974497055
145779.0958074176
222005.43022467865
157184.6967820658
176112.53188027072
136770.88537293227
166954.72631858243
165431.72797383147
158212.08583992385
150412.13684383774
184949.24406948104
138321.81411898034
113111.81374111664
130286.44852478565
121466.87583735956
215871.2297077252
169126.80158562932
144389.33225876483
137223.83823167722
183658.42609295287
158844.44586207363
189585.81244614028
178488.31294958844
139061.96812650282
160969.77736222657
135405.01834278257
111933.70023517682
138602.79703052496
129560.39074290001
137037.12445616836
174132.34775263857
117921.03790589454
169438.25692062642
150079.14389025467
150435.63594934292
135397.53062340018
133722.9700574804
156444.58075649518
114980.06719938743
210180.19290712316
166001.60799122532
229599.25120510676
162732.3207797571
163010.66738402817
143170.44702784158
210487.91207883984
164411.39115142793
190996.7939729935
118577.63213431305
224075.14062682434
104160.82412307392
205774.23563849824
148837.3750195372
173187.14786495248
105852.87984116802
137154.73316296595
223353.97615619408
146741.49476723644
160212.87457639535
122376.33795136685
124281.76432213963
200883.37827873675
183112.37929986574
161144.01669830398
172026.0181187745
134360.19077095808
159334.70245309127
208355.5340936793
130136.77491047303
171196.31697632454
154907.2737513778
132179.6033833661
179564.00680820932
157362.60841407286
199200.6928044093
142338.0860646939
169720.01224007813
156359.63711854198
142842.28807842077
197689.66001979346
167176.91823326593
159394.71333850326
139853.95563098826
145354.75575868099
125852.01038377857
152363.52241197473
177836.25662320407
165634.92805488006
151357.11849588488
109551.88606810437
140269.69499495023
151072.61638767653
136757.75433327968
153370.28601691313
177334.76360858302
183919.33649334786
203996.86534354917
128904.60342716867
137898.22823582584
155112.47928889445
155104.70297985777
143719.8577500872
181028.5714609781
166089.36598105892
174412.71724722377
168538.15383717997
177499.61449266804
143425.0487527718
154680.43176330772
191355.97184139397
138168.19870275332
181922.56945032385
157325.4429572433
152836.66625942528
126886.05820313246
154543.3006337955
148050.23818606682
227337.86222919123
200118.7270779771
127669.4587948148
179672.24380975688
134545.256446224
153533.06641941683
136559.14855746832
153633.15008955877
152718.6678348171
184846.2797648587
114623.11956985241
166574.10703441096
152144.57974316488
155778.97401623157
166183.3113094902
191454.35231480462
112183.54914043055
197229.55773757704
207822.1091461761
101936.45579576983
174550.55964085145
122811.29332078907
212972.8724512721
182620.85181811117
140760.51480735105
133543.6401535992
155376.38486802139
167908.633076552
186805.07316708186
153089.10765263092
147592.02624909065
193928.20181409686
145879.96140561462
119780.2186592596
140706.78602665671
142647.57239265644
123934.2562087023
107642.89725077391
172415.04037471773
199720.55104323447
148148.51668281073
113899.20638895434
189077.5833100124
173926.6576033091
138477.63529542295
130867.3971904946
123456.11770632507
156417.3114711
207824.37516097553
151799.5000284954
169079.25311371352
217868.60105823033
175971.52914994466
171433.2855291437
180438.6056472189
125824.63631923264
188836.94851549214
135853.4049627833
164892.27927286283
127464.49450993948
178312.0929196973
227023.11933084315
109880.30894337327
152176.20481168668
170142.54006116767
118311.47178995586
210916.31768488768
176058.3547373077
177925.17747014013
154782.71409532736
190104.65000587224
135783.65939610644
102435.35150686465
176673.86173566556
150507.54025821327
144309.82688984295
154810.1700258322
160571.34450509245
140924.40335193684
130271.96420886228
119048.6250747231
125429.16508666542
167641.27319771255
173027.14913850062
215773.2766976857
172138.92699729314
142119.70580077628
143613.86547973356
158920.1506784934
217555.5519879798
183707.23929124305
128426.37308015626
158546.44036899912
185375.09968371908
168578.01104649654
164914.75006504232
135975.4782755076
152939.96056324017
143901.861210962
200747.74471911317
122599.79883173497
160979.17800862048
135522.45214927947
213617.7769826114
164888.91590834866
145102.093773248
188608.80289417884
145626.74476524856
175666.50731533536
162434.15311407598
129781.45884191227
154675.20237648414
177774.48516287567
125590.3339355856
143283.56659968576
151103.13731653415
162871.13447684277
158855.22204419624
158899.48029203032
166906.17365850767
176627.61598290963
201115.27932468793
157832.93899086173
125834.00897986839
157599.4833272871
163436.98985788165
193255.413503243
200043.82125501204
147048.42438911885
129112.81993155928
163957.58326117258
175701.39894586185
180096.52112370665
169574.45564808644
189175.42501716994
145819.40653560063
145590.95445626212
160265.89589695542
145300.1599494893
129874.05320658194
166882.6282062786
149922.63963695662
206311.63389552504
120041.50429351635
175999.1605047174
166602.4010705417
156652.30666353187
131781.6347914153
211732.3183733486
195341.49595815744
147648.0669426754
112634.79885221005
144374.24781005463
124739.44194344856
165226.16229778255
149432.44676287164
130201.42368095441
115088.22758654937
161952.68990653718
139931.92641076192
193666.29152965956
140423.656180587
189854.1370893725
202102.48644288973
148415.32173532646
159806.19134738742
160808.2049661347
148863.67513995722
135753.67573945
165560.87301162689
116951.54845095747
142723.1614202564
197275.13692395252
193556.41398883375
122687.7090408595
168744.27920213857
206355.07160066508
172317.42584202965
118013.7933075019
217903.44202120122
137975.81066532418
166267.55830447492
158687.5915631435
158732.69971417828
169525.04947590677
122688.82990526449
142916.79492698208
187109.85732695696
102979.81853104895
176421.44808958334
168958.51762319353
96448.53597440897
194818.9045063561
126621.15977714868
161392.21628238898
156553.44438352648
158794.0015297529
136157.28583978073
206753.96956737616
159913.47455034414
109851.42808163565
120282.3190904909
179168.33522391482
144955.76936932985
197741.14893839305
133814.3525859615
154491.2473635749
156651.39622211963
190523.72378605788
118385.00133376205
158400.25798583584
133620.28169845318
169280.5853017274
133010.02070946438
210399.17422457304
212998.79858512682
165965.48414855354
147138.20140864645
191672.45654844458
136185.980990832
173050.78184944895
150576.43028999
130387.70032359996
152046.75692387714
200628.36680275068
148977.73233020402
171751.607800042
188285.4431433241
212870.53196975784
135058.70584503468
132689.93226703326
159687.45843296775
153026.3753896322
100506.21228651803
151640.66768484894
