64229.00894600894
42494.53205094736
55262.75364287017
55022.28019657541
82540.60461218288
61154.35387627152
49579.276700895825
86961.83864817263
57210.746247199524
52005.625242175694
86516.42314796765
83048.25429773945
59756.397015322014
65635.51574735469
86033.14678911955
62035.72283706605
71429.29893088648
79020.12372247387
76861.67137764796
93857.17667890237
79812.20166107241
53975.01613421698
55005.40229122436
113647.12548096037
76359.49010104612
48330.01725062523
69811.14936570877
68110.01270645775
105371.30743059292
62169.43436417572
121352.82251806655
59972.629022444264
58544.82663387514
74664.44275156647
79474.87416995643
78041.49718256816
57460.796853341875
91900.17235773565
58580.63420404687
75266.78377786218
63696.55314287047
62764.37218785434
70635.41183312106
81955.8664465202
57835.49823038276
50919.96801998872
58846.926437836424
75083.71411304847
75824.00675707083
69605.07672579374
68220.95639725329
70494.72197484286
39167.39548184618
58392.79730367786
71965.7998727923
57402.99829988656
48910.231042303305
52957.0076848027
49098.716985151674
68844.7363019999
73508.48080263955
72734.78959493773
87931.93709767309
136636.76950523964
71249.09517464468
95756.20171908596
79820.41441174122
85749.56430629599
67360.61773828727
88386.53551261518
53665.83153532926
83516.62039368726
71546.17466374971
73681.60126293551
111916.82536133967
111331.41088184659
94153.81525662576
64935.89328796458
74294.77124584184
88277.3922984841
72817.7915860467
78087.89233771323
84390.77568637326
61083.23768393656
75661.04682181773
70460.5574201088
62308.035920769966
57884.45638450492
48623.549206483374
62109.23131866101
84334.30279086203
83779.44540644066
74495.89573431885
91007.32747283833
81308.12615038487
68553.36672205875
76717.78292467947
42433.15020776987
71772.33303384646
60391.031700331616
76124.2506607691
40842.51902112767
54628.39870574314
62494.32849080658
58308.442407504175
87606.36845518148
64299.9243790313
66207.50469121002
63256.486743042544
35925.12096342398
71359.97954858564
43979.483097359735
72678.77382601591
96571.11587890728
101617.90531574932
49552.42021598082
58428.54270975633
80808.84334247866
66159.26113463669
74063.94187659636
58168.484147411174
72747.6549108938
79829.9266309032
61389.71332141776
79928.71483885757
42944.572706378596
66255.37727867415
76346.9627425801
85130.73200350869
52262.40582004801
50412.57546911654
72925.22749552582
90199.96576505344
50941.8018894973
54040.44528211571
84278.49294259441
57197.28808387566
54098.726449206995
86086.53576789908
53711.4127929217
57072.082608116936
67875.28592481602
37230.695040046245
79262.64186964234
45446.399273255956
112015.80992091545
61319.50686664763
47709.6210586033
79931.01843780738
66388.68681932968
67013.48787661847
43254.30113189393
96910.67943642577
53486.73938083132
62615.733053644784
84190.42092347307
70063.50467657363
46160.49949719525
71953.11385471055
47913.21601653456
71724.36351850396
51987.57748338362
36378.928630106886
43142.47494953402
59440.95193010475
58661.88789622813
43395.517977087526
50433.44847230834
104067.93592169869
102233.126602773
76491.09910442593
71845.72049260618
81480.24931228804
118358.1859156032
64654.287321903765
74090.38137896216
44190.06524045663
57264.66703549233
39421.66044928879
59383.13205297034
63861.3201368165
61440.49772267486
61768.020539498546
127632.02536665891
75913.6942870751
93385.98193843933
58243.20797524516
58934.05421729316
51732.47184498104
69124.78424056694
73623.47905234045
56646.77456671564
47919.97432230839
45514.87176511189
51420.69477650218
54206.970773957124
63320.013956034636
110636.41393911194
64976.359421959314
47833.19703651693
46115.69246253443
63967.196929717524
77125.94549530125
66109.37594776358
50817.63201661903
67419.49678231808
92337.95274373778
47632.40981688167
55605.63082202257
53974.625429220854
64854.2828861048
59722.932035256155
49812.14370693006
66340.51240729846
49186.070563697154
76958.21528995225
54962.30028618815
77357.7741841587
66563.96194098904
45018.32975806255
69465.95975807737
69046.68029986488
66436.35463757545
67716.04120591596
73384.69392415513
87535.82926619584
103789.06651996335
98386.41192354975
102993.49113771829
61936.72451154176
42448.44758897163
102074.73687383415
62589.18046819273
60134.05957078924
67555.0937249486
73002.04778382486
112065.74818726417
84389.89229783471
85902.93521323166
59288.72666761465
49837.761498458975
61546.538017816485
97376.22435388244
78541.63629330309
75513.52849874445
97498.56271983797
60079.70530148052
76811.62716197861
96384.69623604775
104899.95177857672
72647.40066542207
108543.88974146413
59538.896320113374
81586.32786040875
44947.99425228783
83381.43971047479
90124.86760861623
73351.13167757067
71051.97782965202
51464.86189611757
83496.30311605048
87869.91208890307
55455.26450081061
48094.61215876322
55702.967770931966
91428.93153688755
64475.22394651033
62080.4939234747
50938.84121859338
81490.41997046901
51481.628474633915
110067.00598823684
57907.245948623444
65290.415366374684
55285.81659646743
58033.06381608855
83617.03133213808
94982.85000319034
72707.02313892695
83626.22028518599
80992.55458185948
60256.75274696435
52967.53849006456
54937.79697714535
65325.54871073525
73966.2446467352
40728.384264256805
51247.34139626985
65199.53037060159
100874.51810769625
54396.74932283909
57911.52912741723
73410.361315658
52071.52899584831
87221.66600051637
50304.063636474275
60811.646651267314
136051.72125176
72991.44936048897
61379.772374481065
70524.29491230156
79993.54884069334
81348.03616731215
60892.94750430371
84773.16032678007
43130.832156670716
71815.5866000988
62537.46229638382
66277.02190278002
46097.697335406374
42168.99315069086
41626.59275810786
83593.35323835278
100265.78120235771
69478.43121505475
33411.73938366966
59354.08057059112
69449.14219813555
72230.2909329476
50089.581252387165
106917.3662766042
67349.87574155883
83100.89907742689
82520.90439040199
61949.19544405829
45116.981927688816
54104.4713130961
56427.58159334256
61955.398380092076
51573.50971520501
70645.42250148063
81120.44537371027
72172.42072962775
78990.87745579112
69027.33036446612
55249.86418750522
68966.01535662939
94810.57461752757
61858.79022036012
80072.29282523025
66838.64488803197
97190.61213210462
74919.90318736668
86168.01029538907
90645.0138745542
71185.8773325016
67753.30360730988
40974.92249023446
77031.96189474285
70497.1434659303
100344.55670402528
80990.28322217667
96436.40698878567
45083.31802960143
61758.06770770287
66597.83327605152
52776.77020482432
56407.165857308726
63760.0879083671
38553.679421035995
59397.800475657496
47926.511504883856
85783.25363363307
92102.09351173636
63797.49806737355
68247.23127612846
85507.5049696698
69805.37714892691
65874.59221070417
55199.60803029345
58162.287557041345
54495.93117436381
40785.28004909917
68570.30880169127
87624.19312217731
51296.01385377263
49164.48623578548
66788.57653593084
62171.26023367979
91580.0471343772
65253.540368460715
96000.46186772903
60252.4753451508
95665.01781542617
38110.43465360405
62203.839872019635
62356.5844151185
93722.2346077325
86456.29052176875
37500.093215781155
85807.40186160065
74195.46846740229
84629.33049618034
52031.906513047856
50148.2093009426
47980.33013248435
62435.04853767332
74073.54056232296
65420.17081676453
63138.77785102399
56139.3942119971
95024.33639384963
85882.9481517821
90067.49058909414
75861.67142564434
67539.12306349377
33412.27734739534
71385.74586045087
55608.75173396298
61255.08870400003
85685.03188279568
77429.80890790874
81697.76143216585
72130.00524593392
55204.17190558136
80043.41625006322
79016.73184307631
72576.99785542753
46411.7251206749
53082.215053972825
60050.12085462104
69994.20406586918
58692.40565358905
79333.28855012792
52612.61158987073
70751.75789516952
114929.10063897385
50950.505008441185
59159.67333476665
79673.39646466369
60079.99034923781
58052.9330949917
79470.26678914962
50722.75364724013
55036.791410333986
99959.74461692029
48661.8818365532
83272.98804887419
116835.5433526879
66767.42242270439
46351.07600633521
76584.47912933417
42424.864655664045
58269.54460877928
50186.178748435595
52468.71707576355
57023.611635308465
72220.81103418996
86409.82678892091
49642.45289890365
79619.13064060493
68186.96743485882
73132.93032971658
43542.20740889366
103356.69195147623
75740.12230064184
78415.15251170984
51100.26470796968
89380.74461072787
59860.375774500186
83802.73200996526
56832.6858603605
84277.19401198324
83862.25295703067
55878.6403435148
56722.927904375785
99898.33212853404
61096.04860251173
49438.50143993664
69954.30097065656
39267.07564458386
53527.90627413562
77752.14653649754
53499.86114496431
61772.42150194648
76406.40717158854
62582.18736292656
57390.3596424088
60123.41940963219
59116.560310075285
72930.94534859431
99348.81545099705
79779.82772525767
81518.6123260343
53092.02610167562
57559.678043602944
38292.122570570245
69428.58215062028
55478.1554996203
62157.31582750692
97628.13489188557
44158.91357164318
58311.97224196519
68336.7842699348
47217.85508944145
88701.44363254645
60550.42938808545
42698.67550095591
69651.56568790924
48326.936341486435
50000.496097559
76797.79836084705
61379.849024271374
82650.04921977397
93724.7872437478
83419.79302300476
77849.8021773937
77996.13783706869
66005.5429542869
52829.765887623165
85702.59751731496
71724.9474010113
63066.159517595595
53927.1859734746
66054.78679872822
48206.88002101593
58254.34035147855
79067.77252771417
39859.87034680935
68094.1067013256
68218.61836242705
91167.13910848067
68050.3014782531
54301.471239948216
88360.03664241929
69049.98703451696
61772.30414782927
84668.04683877081
93690.52425536184
42569.059238724025
58145.97427961244
90769.76763116212
38879.824239097696
92915.53738097896
102384.45047041841
70329.63413925738
70302.00396523098
80470.32338782921
93829.21731980288
48646.64991793938
61532.35553782242
45852.609410448844
87448.90818678505
64556.842490490686
62796.69764290261
81951.83704245173
51267.23592432626
62244.02233120235
68849.56254540353
69079.40962834317
65541.2233149274
82872.5894395875
47751.500816957116
44331.60894596632
95146.10035551342
64146.85065517545
67413.58667924858
72244.50394951765
81069.60306002606
77483.56197157074
83700.6720957935
74146.46172760749
67063.80714627098
87091.50326765259
53611.42715635391
54629.23370956798
45286.64641713021
67433.32057329126
85180.65296806206
66998.9698745851
87915.60715652372
60400.35228848274
61277.11317998001
89793.11604951072
63109.79035221209
65653.54609395418
73601.12963475432
83096.5814565989
42256.48950189597
114967.8870863396
64877.988450342295
61312.83368273742
64614.53028344439
57510.688348811585
77568.07362394556
75278.77080336011
43962.372889168284
70385.63817447843
79723.58982915034
58712.32461772571
81410.18505023984
49899.435539655744
64011.22645649042
61781.56558278248
43960.27606381937
50376.27162588629
47750.45358990701
58157.848221274195
87352.86639913874
79910.39252446425
83216.89915735243
73782.00410723628
78901.79865311159
53158.058916234804
53158.058916234804
58269.31024695927
43379.817799279204
87516.08262944214
59148.78523243133
49375.725468484474
95978.82795108398
77529.91064269686
71533.32168369186
71290.88810044681
53636.182292989426
82025.75020543406
59443.43479804275
72959.7949305198
86310.76659309544
40052.76006411604
85664.01925820857
89324.86401174689
82677.16535744393
108454.6213615571
45092.444367459284
91480.50049293195
104711.6405105606
52898.406356276915
101007.84674484671
70152.30640980306
65902.52922156658
73335.51427823384
68192.51237049555
82109.11946735508
37123.72495206779
65397.22170497131
51031.90602844742
62123.77318753991
87379.39113341857
73205.49950981818
55394.72019107592
86369.94058655553
54476.06869739711
77689.82169314186
69107.2558682621
96989.24730861805
86530.41909727032
48985.93752886068
75307.71553710577
41383.26518860143
77685.42611931509
92203.26829188975
85665.62232422369
85750.42646898981
56279.01915706354
61011.34686990714
84585.63769332835
48958.53513552292
66956.7836246849
65795.03362813771
64984.748774485495
50163.23376568291
73521.25839938527
51473.762782548074
68159.47165487574
56301.91757932103
74498.21877579257
63744.430271438774
81100.86883218173
49708.571881403164
82639.19521564367
46709.842615938185
57451.38908936264
52609.719496378595
99463.80790670555
88584.4670839763
57613.32318358421
61818.48912054895
63711.31491649448
81720.13051624066
82389.28600048162
88966.31027964223
62563.981867940194
71887.20732067458
83464.57497895061
101429.85319567063
67516.62036302531
39257.462840051376
65339.81328274908
59017.84158566645
67859.01730691364
67746.18165713781
63919.34015681772
52861.36108654285
89274.4966358503
56178.66617997322
57838.14963777103
90246.80987126233
46480.46750442417
98248.63418901376
71272.15356066162
55616.263176895205
65464.498511687074
67259.32417479623
76137.08218052669
40864.039146894516
74724.05136899884
59938.18035508587
79768.9474020363
76086.10511654791
98022.54827538748
38393.49108822747
80432.01369426717
58439.88209832425
85216.96650597871
46172.69679455607
131968.21515658774
99865.1833832524
41318.40899752113
66965.7043966537
106256.67819604254
36984.81210014472
76289.4103689194
135790.9902455905
71566.64805636948
75744.95796590447
71014.34902600176
42985.07485701615
79321.40961260175
60968.395941661016
88820.79850360038
105959.67401360892
65374.60440891589
85492.21672939812
118490.63390906938
102354.20262119234
107081.25822170402
57071.60624107917
73357.73472010912
62858.256527495585
73834.08103938079
61584.14556429528
90490.24013342203
116335.83418084093
83741.71883514489
91836.71564011894
85876.47421374847
85944.6924374616
66811.41603011443
60093.740001459024
65636.02727163488
127148.5309048489
63582.56576933307
70447.59286429196
88948.672325505
95463.03733727345
76493.54686890957
76376.20982367826
42972.59817254219
76506.18650070675
79063.67315238732
69674.4969252139
84158.67352155989
58135.73806919034
67907.43049536504
92351.91806847866
79058.06192175139
46998.00600631085
40290.39583832011
65876.79764579538
103528.85889177423
56457.71105528043
88067.8324209116
68014.69770467948
61428.81609307889
67102.5620970323
52243.525879055145
76058.47102581788
81068.73932157102
74024.06756698086
76699.1709133756
55573.665597289124
65446.575508319336
64304.60554274608
55688.99077056915
82526.25067225433
42141.11106115094
90219.60193359546
48837.516307612015
58032.26629675585
79638.38665839545
75186.27482075003
74217.30962838711
48962.90411521342
81534.7708183215
80828.55813270101
61453.166629324056
75408.10380850796
77581.86903577679
85730.2054496369
76920.82116937563
99252.46344856227
92615.43535843556
65672.68356052416
77995.89090441911
62624.125063834515
71136.76084720712
53655.96766102413
47476.39621283406
56215.14191042354
70600.71838089898
60514.64235068268
55735.185955299625
52275.609304701524
77466.64032133178
112065.38862660124
79900.40626236732
47945.44345198291
76958.20631972837
65267.681673710475
67141.74907937703
86951.5565630061
50296.957144835535
54738.230146557384
83075.07423314135
104141.2381755216
69698.62243580357
90497.26775393117
81031.88403918104
82451.3258758326
52848.782892791096
68674.020218427
58098.56997163793
67510.60794794906
110085.81179026638
63703.70988952313
53720.26660164612
61445.36238629852
72181.05469190997
68056.9368127704
87871.63350829123
72962.30456428589
99921.18109103588
39905.776950537685
57529.69463218891
66941.47481094854
84191.61566334551
63513.44365142852
57788.27891638879
58055.38080121603
84629.35364563696
53179.68038965022
59954.883120252925
34286.915549106794
75414.31582238474
56417.82008431385
82956.6430088177
64990.09347831356
89132.61307923871
70250.17567924056
85808.86999211524
56569.04856184591
56301.533611519844
66919.04200415708
79114.92024280065
54986.34475765893
66009.11552554152
66443.73633731037
66775.86119349963
99658.42312678149
67507.51125486115
51149.11572213418
35428.70954693634
66592.74829800348
82583.70073116981
34381.07832116695
42283.20054488791
55159.08003353008
59918.57741480378
60425.27792114464
41762.44294289352
52429.57920189966
64608.05012926103
88275.68265425987
59814.494773638886
67543.1231693686
81916.85585180257
72918.10119274192
34013.00216112754
71965.44369284854
92534.34611647298
50214.917759597825
64268.826556476764
58408.78424324258
99248.33287223769
88792.37737072
89767.53850641052
58771.60823194128
65309.44954533859
53264.1140044239
48210.91602013331
75768.3316905665
67368.3768309088
65142.750314729754
68775.37553448505
97348.39997865514
54809.171234000896
76370.85620150328
50156.92961132518
70180.67347870387
48422.943262887246
48330.661582891604
98128.8092494632
69074.27692052042
70300.57939098847
62500.546146785455
57187.30504051156
76437.38455033062
44219.53260288872
60875.10098236087
94394.29836861935
62865.06132602068
97315.06524080613
61149.672513740654
64786.83428729736
84528.57371884285
70805.90395545636
83297.17557520047
58818.73668544073
58189.4919447303
62942.47651201949
109331.14123506652
54234.797211381214
86771.47081685292
80053.20037252859
81922.87232763415
49104.791774050726
60649.19908887782
74700.80664302233
85984.05988066147
58515.857821523416
86650.95321322657
93365.87933882463
102157.04299014952
87187.30139949032
91564.1891724261
93438.89330279987
33846.40631800029
57872.221407114936
59673.14445896501
44868.40123061895
39139.72786656861
76165.75206109736
38677.26368445655
60471.58200709934
77161.4623701156
45392.7644122472
61390.52929835717
65225.7185023435
58178.883019243105
103916.08105061947
97728.46288989027
57816.63636683755
56046.43834830569
71005.07962933125
58096.84579646282
92991.41045254741
66912.14264541178
52574.77829682553
86440.10001621064
75597.07499805758
73448.1696905314
78472.53582412926
47011.75445901014
104556.18118388856
87294.43074200046
70788.43659807532
62878.6012115905
65040.812883238315
111037.36221888478
50035.197666562715
84930.05505383837
60139.44229734041
61684.787500147635
53102.28006158293
79025.69108239669
57335.576556780376
87698.34933141433
61418.064418252216
101473.85673159406
67972.49439977757
59740.0985441863
57756.13143645375
57409.26624528494
59183.493543223
52762.75238593543
76026.46578861384
59532.547553125965
100376.07292816023
72255.9645552611
65775.23591730339
103750.4609289771
54345.35745192828
75941.98365077803
51884.487894553546
39090.13748742306
95032.06302823924
77076.36557187328
68211.10317815647
42079.28341420583
76777.96733697379
50922.821968540695
59243.65193400973
79698.08565708736
58841.869713133274
97709.1981786175
68008.15382608592
65170.23178275867
101508.81583843514
36611.02671141343
68354.63190497873
58848.770489116214
54577.248384056584
37937.83552601921
74613.0653626157
57865.749980466375
74951.58526689949
68185.53945922619
54081.540749743515
104406.04961931902
69313.90629648081
71300.7525577221
65728.6435101355
114804.36618048843
40390.44650427954
69203.9149364162
73391.73623714622
58878.53678832179
79011.17705454584
64396.64238506765
138668.97500682753
51745.78276948248
79526.49366308947
58930.17496822059
37260.997332467465
67640.38595001896
66167.52342607662
87507.3933257944
80925.27500532445
76694.03947497909
46697.213321143696
66956.44000462034
75086.72685596335
103078.37122961666
57730.753807110465
87665.2721860427
83767.71990375355
82972.51447617958
70643.33286153918
74313.99520156354
64639.995444607805
88412.41433592464
56941.99678998017
39908.60439194892
58751.09788819321
111040.64139035388
94754.37815866532
68736.45211568309
59961.22599024971
79117.32382342576
79046.21664508633
84643.6259089151
55943.313031161335
100826.00473502451
77755.79304183612
61626.46873459212
70395.43000264632
53933.37652631863
46890.619361463236
67080.82272317394
104686.65523386246
39085.29354885559
50770.239062799774
92907.69376108208
55610.81565206453
69543.8040845931
42468.66943502237
51429.802289164916
77280.89598862777
81887.29576657737
43907.11473996285
51437.61821278376
105081.42111563952
48539.55207015618
54831.69055813338
105879.70670950902
52095.46368204663
92191.45805961703
71394.22341312103
66110.66589340504
74083.80715957457
58440.97919836047
72171.32777781715
84433.13221239908
47247.08898805609
50035.906475225915
98126.88089877357
72556.37651190166
74106.71291472354
62286.23497413177
75116.71642734372
95209.12662063832
76493.44262792729
67747.2273393827
114056.18552759779
70018.55533219194
59694.408668486154
43237.60480890615
59089.58702996655
73232.32055611783
77033.9912485534
72612.6307932747
60896.9008941926
86616.37526986781
105888.5205603004
76991.3989673015
99555.85057072797
62073.39437633777
52614.45322133774
89251.16169047025
67004.08518349612
77995.1412141145
86803.81788962767
62236.886603569495
76855.94331184957
62138.54913140203
56828.56835973398
62263.29610684269
66122.30101282879
114621.03188335411
32073.81495627887
54906.944272866625
50352.09173116464
61484.74694979542
70224.55549387328
62919.338303651646
89639.29807308064
85446.92063220662
57670.67239475194
50788.79784119071
50884.926888916
53632.08673728026
86133.0974404312
60964.994928969354
90602.48564668784
54953.58614697278
67901.71990682518
80530.6991787082
64535.28886466633
81066.38185644789
93680.11830030353
99840.52126430794
59191.59126984625
45238.85068158487
48368.65668711298
75514.54211630738
51620.82859007765
65462.46711221201
68407.6499363997
78853.88300878432
68012.92121926745
104020.81767326052
47370.304691119185
82402.52385824703
65339.76574149474
88593.62480106199
81680.21520155674
94274.09728848365
54877.13412383085
73754.4991392003
66651.23364135476
72590.23829076716
84767.71606936016
67570.713196363
62114.87063973032
95235.7307607481
43304.95656138981
68519.84945349944
91547.14264349957
60958.13992532293
64413.83718385834
94398.96706785938
64301.756344624715
63791.46127241435
59501.96538161676
53188.615338011936
61594.613808181435
70818.33049855664
71788.73853934006
81497.11330699746
78821.31045544299
76429.03971649647
80063.8795114129
61457.77259191836
59256.60655724901
67932.55229369843
85861.10357631078
73102.53613677938
58989.247870907304
95026.71072654097
29179.98746476354
90589.29081646304
79332.47592490158
83277.35457665962
90520.2504892546
74791.48869151379
44470.99937211365
65006.02446870687
107631.0364598318
105267.27639947773
79275.55304727533
48572.6077158861
59981.292326089344
38295.21292841345
60547.232753818236
79601.16168509776
50718.09218934694
73252.40063508993
58205.786424527396
79355.66421482712
73708.98000611592
79163.10276586769
66539.60391464023
71696.14601676774
52525.870595773384
60134.625651539696
71838.81373443661
35276.00757151499
80696.210138321
60064.99393714788
35356.814703874246
69337.05812189475
65895.2456294454
44392.3893271698
67982.952618228
46727.02014777785
65439.87832519217
101967.5429541766
57479.598388057864
89447.12634463345
85664.88920074608
87945.4790823904
42334.49487400267
73237.61923480142
69597.07417268404
48246.2850516459
60344.86492930312
87538.78925061545
63566.59832781403
64872.262559320894
63889.01347554196
46491.13457853213
31728.130089246766
77775.7244191927
80697.1218749676
60125.309518862596
96293.11167207417
54939.08084019779
46660.67933389387
64479.65275196719
37152.562565466455
56153.28387654231
100760.31553886966
54409.62271759538
62919.27489976661
93350.52184866888
63993.22432580865
77992.67564855868
50246.07340545287
79192.05952702349
82917.0710960364
90947.24976168091
90397.30168344063
73706.9189542829
47811.4795983233
81581.57257126257
59505.09724377399
63110.07623500227
56459.18612241396
90963.73957565855
59296.92636523473
49103.8055924381
51910.136154298816
56142.00729761958
42619.94152389065
53444.947980799174
78154.97082597397
84890.47182616322
66624.85788986222
89351.37948042898
74369.18298654343
72599.39360861336
75819.3678648507
71351.94274020045
68663.42583651608
104403.3206361683
69777.13014147179
60429.13108003607
86309.2884296274
83485.42401303006
97716.34282594745
56010.255379484974
71432.37509639897
77616.03006502829
73761.86319262256
86191.40201719591
79333.98590682856
68927.4453606994
60384.42244389479
102955.9298517805
70477.89226649406
81502.73516121933
60199.915360368876
98545.11690362928
94600.00599724018
83184.3196674757
100268.9239667046
60981.437007004926
46213.50764614551
73935.40814097549
63461.629146991836
63433.7353994086
78337.49831024256
60550.91769861496
71722.68290440619
91085.94832429252
105729.2311411179
71698.2184377446
78423.7078171203
30916.696075856293
90936.46030129534
83569.05824317955
47852.02978524515
77538.43311493819
74163.39732137075
74885.83851335113
80402.82705911931
53547.81369617286
62997.75819502681
87541.8880642611
85314.17703732906
40068.96973786015
68669.10638746854
44982.51486605873
67833.1487022263
62521.99008041038
66465.8350347714
50452.07270148343
52655.6578596995
59662.815531183776
61856.497246024366
62123.158997467464
84138.9140218998
123662.53387803551
49797.50086003219
64927.89177931797
67147.38590841899
93433.46605999678
77907.68046439104
60999.4487784504
53011.64498448911
59307.701186110615
87339.27794722994
59103.567733122734
112084.08706357429
42748.23558125404
67029.76108400569
38864.20470678742
44685.823353253014
128229.5923399017
54671.49420369062
47450.771175642054
47777.88951238159
72594.40861270181
138875.4667649451
93476.59363052627
71186.33394281288
80894.4481333658
48680.020059100774
60339.401076993054
90453.36310304627
81620.26500362152
37626.985484144236
74324.6595816718
74555.51821529445
68736.4948663124
65743.79060234712
60729.17034079728
69155.53484011392
66975.37779600247
77649.70602401055
91565.196106915
66748.75401909389
81748.10077716992
104307.58707669744
72991.59229171106
63303.03753861493
104211.80438100777
73362.20204688629
58011.77277323278
64722.878778646744
65844.62141388257
78538.73185041166
66677.09273935194
79927.25073216419
52422.90480388725
71762.27186252487
93382.6252771991
53987.33903786952
66792.83305346034
88801.29284502195
55063.95702063113
56201.56274693686
59888.30254963206
88376.65610162991
74263.74707522593
68835.79808357618
90117.12323956366
44649.355334587104
62272.10524766404
68323.61156333199
57500.96784601012
68386.16368239469
64677.71909622612
83956.09452675462
88066.92516338872
69858.40067397308
73747.4438280232
90002.5844434027
54856.84517288161
60538.20301600786
57901.53669734035
48014.038815931184
85204.91008390099
73738.4450028014
45780.15929511306
45037.7287715775
91160.59985407745
74450.48355379498
57123.6933280724
79778.6562778041
55213.359576202616
96438.64947629893
54226.00402446076
100402.78929254657
84835.16336341988
87738.24702318794
79308.09159959643
62387.14067763084
40242.84198598714
72514.72443037415
91647.09886746631
53484.98481200366
66397.82297818077
73910.77620862164
80457.66948710618
58769.8844828714
66626.69994964832
63849.506095612305
63152.91567946677
96282.42303786341
95911.15189044386
37783.49181740191
79663.98155363757
61519.65204237556
78997.09934876308
55446.74777499159
91958.864457736
69604.00147504896
83032.1575571015
55517.99110803679
44283.24203192603
78693.47471736548
80480.57495247928
72629.85671076697
74658.5757785806
58050.843024567075
41466.316036674994
87017.49425499141
53622.390298364386
90578.39023234391
81915.05742437395
63313.49220133307
49236.90961268127
53999.40833713205
105570.06479835344
31010.250787536388
69661.69215654167
78982.6129683624
64213.49022087146
105495.87359984906
52083.84870344532
85243.79329811956
63425.2620511046
44749.58854981322
53733.46730875375
57270.22547172359
71724.9836487602
101642.43785008197
62970.80885296061
56720.309742998004
36049.9560381343
68782.36383145917
53710.38938377584
77587.31983784845
92419.144573253
46069.39092874361
87012.11095632042
59352.88799327061
67109.08966609414
86861.37782472784
95045.55673713499
66002.24856263027
87800.87636921625
83536.76515266653
109141.16431514623
54684.77843625266
61433.332324555304
59410.823533327675
99371.3063718648
87869.85934692861
96352.55538448473
45864.3951341777
67463.50979993455
41924.05233598863
65877.88330809097
70194.69482242517
75835.8331982828
83538.31129281803
57633.46756076318
31640.708324070034
77608.87129898065
63674.27055803899
48346.95907655951
71388.7800201211
59680.51055792263
117576.93691808796
94475.25762969826
58692.31210458817
80065.4827280282
65008.07874303149
56012.30355114671
59409.56713181589
82145.90957234676
54166.02479052685
74063.74735024048
58940.52560884493
48115.76492604435
99845.57752749999
98668.75333608613
46369.11250828221
117675.9016508095
74934.03811461298
93887.56858107497
49201.36016507727
80284.50968501967
105219.99904737648
36117.99638336302
58069.665840995585
78143.1768771368
76774.18216838763
81783.66323036703
74357.87999750311
59729.876528435176
71329.09690652619
38544.673865454926
78384.00010224748
79370.04288861953
56152.86047030667
91085.77816179412
118770.81958130233
60636.48265519029
49935.32111912165
57531.12286259459
64112.40474908007
65635.82232837118
104512.36451098476
89830.72644465939
57000.54222802252
64720.262821523844
58612.34164047593
64356.40426885099
43760.69786239994
101708.3765807483
48912.537209565904
35157.95680901826
54145.064481586625
79784.60449545099
100584.19572506806
88774.83268393144
84210.67979403678
66057.7522308843
55267.79244881887
79140.97823115012
69609.30290555595
67861.17475602716
123961.40454492354
75656.63952846767
82462.05328142447
76213.3120228692
103534.58346424319
60925.8485734952
71047.6751603091
41107.02902760518
56117.13203225021
61151.10169204428
60872.210657720294
69005.31460433178
50481.748150888336
38635.667778975636
74388.7497121114
63062.07340296619
62976.17536027719
79797.9171902223
74737.57860489558
62881.03717490987
68278.86191120198
45601.58045756919
87229.91710710998
60354.61694149769
62044.641474847114
57240.848284901156
87510.19913822335
38411.16431717946
55637.75071596846
73224.36122827318
59892.33757276756
73974.21450723817
116391.33939463439
72969.68390617952
64105.73870624328
68131.62831174322
82038.54400824691
70325.46745880654
76659.55943129848
58950.41679286373
84678.55962311165
90836.72758433151
70182.9177716841
74794.71641989556
53663.517746207166
81094.26910869681
77716.93098192847
71470.46536079062
55995.63372673411
94245.94222455414
63210.076315012244
66625.34302094494
64924.64536555094
94228.99695356973
75837.10578608367
59786.42893870721
59545.78736413607
66456.24725591042
51498.22361115568
74011.39190397921
73019.35037433163
33200.95556731107
69660.58434731624
47951.46495757978
61531.309070813026
55450.808896263705
90737.04906028266
66680.5498621329
69735.46784938741
71283.4691066581
60907.74561736777
94883.79432212403
39744.67345845701
51224.35402175222
58796.83343169641
74264.47169634717
94304.52270273831
51799.16241411284
85656.09731702069
76466.66191068229
80555.58937475672
61028.25483164594
66215.62500145666
56414.27447263329
91286.20818988644
54359.976372857825
81558.81538040358
60680.19498987987
56050.710240472275
109074.17358185652
54937.040354987075
69169.84140468818
80711.74177520532
61705.79943638445
74360.60950015558
62161.45377374435
74658.92590256783
102028.04723231045
60447.791882114354
50548.433124481555
117986.06587779976
97450.6525561471
39120.519451757136
58570.198869274915
70346.44025508787
81573.7193491013
34773.56447799268
66510.77052490447
77072.74815787375
77903.26989327473
71226.2664536413
63569.920831471114
87213.58663756947
100909.93124709291
58371.22212225113
70785.09526195002
46811.39218845336
44886.98064062115
67119.45597214303
87676.02445659967
89421.71538017718
60893.448403470786
61128.471503750196
72810.2734165623
92900.37104765655
41049.697534914536
41060.49771860137
55314.155136605295
77977.87771902456
76270.09540750651
67671.20212362758
46198.63683951439
48440.894898129816
80766.07484485766
66827.7386206705
83963.80685958688
74550.57398454247
58926.652345254886
71695.77396598479
49864.43415715145
119950.02001561967
64747.053605207286
86188.56762149437
79003.19598779888
80308.94517606997
60074.31842787264
94669.1548990298
77479.47373651598
73059.6371116192
52635.80084651063
62211.302948383054
47030.91153198619
89326.71952861015
47213.77587332214
53529.61239456532
50166.993600814705
74337.89896441816
85837.44107333427
62027.43141993321
74719.57639404104
71507.65029037536
53889.66515125279
59879.480683084985
53971.46139968316
61421.10431953848
75078.46009350353
43125.066758157394
62617.41271374805
56863.85671228226
58306.61401798823
56627.312687951206
113108.2058805603
56568.482968360615
61679.12949269092
53046.40466797808
46912.600860878396
85983.69616045286
65768.15975454239
97203.32801168157
58113.5850633548
43202.87773163369
53426.94863351168
52336.68518394237
58739.72607130851
84470.10954428483
79068.55542937633
74078.93211839184
61640.13003780197
84241.8028276976
97445.42787693326
41607.24031781129
59645.06628025748
90676.54290977542
64457.39993334049
44535.43367917995
72309.0809875573
57030.12964921599
71561.32574786725
67177.79526354738
81933.03905158768
43722.16166397669
56376.0717153253
57162.314243766734
52700.78963660383
69322.62993996886
78555.19101259139
86736.98056774707
50345.93141455826
85983.45163284983
92219.05206885203
61938.21562461076
77761.0267418039
38780.74503428966
73877.93670176482
87159.52384996696
94260.22871012212
92475.90777464077
67497.39267930284
51188.99448263535
80937.21999296303
103604.6543561366
59035.35900986053
69090.4910070879
76627.21970096443
68319.22217741513
53897.28986146113
67296.80724460857
59933.995265053556
54678.37848744836
79269.2115741717
73663.82938851931
56514.28025809063
56366.66207460527
77501.74391933408
85942.59730518756
98882.98972145887
54190.7980303372
50588.80584592516
66233.25037431423
93646.23288100009
76696.32737233509
74837.68051641509
54043.44239817535
61927.66244456937
72428.47620222592
96719.09911250256
64599.72118017746
37492.0846482781
76631.25168911189
60742.643458795865
61337.1066086867
96502.55057264729
73934.30738434946
73378.24200317632
97671.72954883798
75211.38003303224
68028.35580294133
54018.72477944416
96595.89787748286
67034.15848820125
86374.55188990856
58809.44325523498
57099.52774752421
91347.87601525278
47971.43004783041
91119.18469874651
67632.57958678709
100443.48309878977
69730.0862920426
62130.608260187386
69635.46904006517
42131.19128859917
59188.30664230815
105136.34329090064
110693.0513214285
73832.69605183598
57272.240230461764
51380.9548620984
65621.41954192574
73941.45348283344
53019.280426376965
107011.89497234294
57587.93935228596
55336.257203417845
57211.84755107086
78467.21116549145
79942.1252428466
65849.20638834014
65774.63986521476
42698.467269455934
57430.38265976686
37318.81919881963
92531.35599907112
70318.09598758671
63750.47500018525
64159.10905469266
48747.407368042346
88684.8673856769
65414.08658165754
102092.16612664078
70844.40740068693
53871.44751385518
111993.44349673852
88291.20486672975
61880.27119157916
60157.091728073516
73936.22972595046
80424.04075145398
60456.359183528795
115953.34969882201
71045.27110451086
47754.42049067495
75616.15918428956
51536.54360648938
55126.672756633394
58390.95800288132
50050.79068964793
57063.75744489328
57751.175751456336
74130.89038871358
63850.126924900935
91748.19599239781
53707.010133792355
62667.682119000456
86721.0202901608
75190.63330411342
75214.26953324003
73802.36263891948
66413.4292052346
36976.02683454983
74270.44827634809
104229.58176591567
59472.18331616995
42814.79486949544
65888.45244987335
59730.68992260012
94391.1563841768
114189.65673501517
75107.67288982192
115176.20581538344
84747.38058685418
42117.15304842833
68365.52554081373
72539.91929099681
51366.776062027304
70675.0068151204
61412.095182429744
54405.795553902855
84967.41305004548
63876.42690397438
72441.67781355492
61342.99491872196
67652.51368059483
107034.41553515066
55890.891203750834
89512.67919014877
57673.9518261336
70614.3400627725
78519.56176127351
49175.06048183217
92437.97171926743
53374.42313443709
71948.86955021304
51103.15864791998
103233.03631919886
79727.47348629207
72995.87606311053
61968.09462243483
91927.20152862128
64602.23028731851
79630.62103667797
60030.57137246965
33286.597968365415
84108.88900243414
47887.67215687777
73831.70183226821
64776.864524440796
82220.2629693014
84033.22820488783
107426.28063834595
81606.78307760824
43476.99208342915
52905.23862136108
61515.923947748604
62679.49553213638
51133.02059884156
64515.532273843775
75492.73175085602
64901.9616171514
106491.26128859623
82091.22767595836
53508.44849894051
81298.01718542089
39287.26020713994
52483.325549628375
40880.55892849361
91114.7414357644
60340.208314564625
61744.356290867625
74023.46344859693
64356.00764267754
95266.26531033788
58745.400620344175
57632.72964486796
77108.71983239858
57066.5964615759
72831.24507390225
88873.78618820925
99838.84036340262
76816.67867333727
98011.72671666837
58917.58718245538
95410.60048664952
85787.51832489316
65681.17185514724
91444.40786281662
99215.52218904607
56005.78764527143
75630.59484628621
95707.70440947196
107717.5612491253
36479.00926627051
105489.64636390911
79491.6554194724
118248.43030699257
76984.6359467607
51185.42993794402
52946.32347048714
60014.27077998861
52201.36594372748
85793.6462789213
48614.94648923126
62637.69351796117
95754.9808740788
40100.886471792845
51016.39377134101
69326.3064151196
53895.360041426335
72226.35943524595
56282.84991891355
47574.00088321605
71917.78125302652
107282.50514621919
35936.16145073053
59150.102303382024
80624.34682413467
65825.5156547565
99192.11802939947
118824.6877273643
67310.25982965062
58685.33175665371
77637.3943759108
50153.695074183655
50647.80655016732
69031.75898621217
72835.0599477552
62921.79918893769
63380.42450886725
74263.35140386943
46839.35548801783
68018.74066302547
70207.08120181637
54378.80290843658
72947.63482552537
52931.75636796134
62772.43242410451
95750.60289690699
85119.76147794905
60370.36784382272
80843.93533691305
103082.81832538238
68827.22689499665
84086.93053165785
93938.19961025218
71347.16529645352
65970.96419280615
76600.99101298983
84977.5004117565
120176.10566893812
74052.65793583645
55183.03803640971
63195.4176363343
79153.29014226297
62906.576645409565
70506.65290154234
45955.40225589689
71514.56062818905
56073.882665550125
70693.19380015311
54562.56666773083
62579.91153871637
46500.92066479142
47634.932164990656
45151.101030368234
64085.51780444046
63975.6964718018
90552.25760520522
68976.14773075414
46220.42630244288
50406.05948410537
67066.98373682858
69626.55342202212
82860.27128054603
65691.7494497737
92512.77861802309
53074.16708336486
50443.31937062646
67298.67048774086
73632.50271149776
49292.281675183076
86362.02545017844
89152.5780096807
106843.67201461118
47757.30168553533
85789.08268538052
64444.909964318314
43242.97540389648
56825.1368415818
53918.25664811703
70868.37573374234
85024.9471349929
73749.22642305214
77597.19719271369
42898.33839306319
100641.52395619033
50922.51491262044
82367.46551300566
81657.42234589955
91529.34981740634
91377.0363782082
57922.07635538956
44375.550659837514
106759.84316614585
36859.23176749599
37714.73262858202
84203.27747599766
91659.02732850621
52802.78426354126
75777.58843064753
58261.213822006495
89543.65658470718
53325.411925080465
54329.54752378168
62879.87902826093
92487.03307728983
60254.65142106888
50319.74970640889
66268.21907440289
77677.40035060604
82770.22799716242
62794.13051513084
52414.859619301475
83942.11460422506
38698.798327733646
67470.6122620364
45650.27662580424
104605.75776505908
57655.01178427911
57723.97268002436
61749.63003198444
63223.48998210189
55079.53301022824
47318.27736390205
82935.77413385813
66822.87119306026
95077.40679456873
51860.90620885517
113594.08889610517
75606.43445221112
40411.188870506594
116925.07538757256
47646.617895462354
90529.41152565097
61029.27608371011
50205.65353526908
127878.47470733608
68925.36693222511
70917.38561478583
81659.52917552336
103978.2998387769
77204.84089864146
74430.70790904875
48333.45073633544
69218.5612238832
25263.546426914232
56553.46541547923
63824.150746649226
85306.87202699402
78100.92029126159
65154.73618953193
63242.226338864035
62105.13010029431
81600.3345409032
75233.13398998417
61576.81289296755
76657.61743822963
70223.28839631383
69722.15218894975
65230.80036644393
77821.38202431344
84216.60812009995
71715.97664829432
86616.82717088272
68777.76784253556
85765.58343761395
59201.07311448358
87943.5732322135
82175.95589775502
50997.99399972951
33529.66395966666
66741.99053806526
65484.889995921374
79878.48479435848
71607.27980998582
66401.68795395028
92368.33414511685
82267.96074801552
65165.87656327487
113798.67111675665
95867.64631066342
106260.37443553128
68240.45058405526
48840.53937590236
100245.51441918909
79890.71215041676
46165.19517744063
109408.18064290361
70372.59982719892
46272.08407941853
71130.1211293339
99511.61900903423
68622.9353417833
68195.88169447312
47453.96401855558
55744.831514710626
49519.69286762489
92638.26774684816
49848.387492195376
45024.63485304306
74133.31631690748
74849.68139007063
70282.37388536427
50861.32513582901
37591.24239613543
53140.26016912515
82532.92887254083
94404.66486510164
57192.947539120774
62210.99012041738
48025.08482192494
59093.68549536758
55119.91277782547
57078.305957418626
59935.70353364897
92726.77162523023
95737.15522640022
58418.48517835915
102361.80975687655
83355.7516170805
101103.31848686714
67974.03342124748
84934.86626381449
63745.02350705766
54305.47637728533
57078.16181231296
87253.06997508422
72665.99717138645
73610.32888594754
59748.04464783955
90434.84964931871
61353.623435091555
76837.63375854699
60716.57919422827
81505.78466165689
67585.47808193018
62023.76145826055
41488.00909225939
67881.85185949612
68699.29265479914
82673.01252892494
45689.1675789822
47957.6714859173
45367.602192426806
82088.43415529348
71850.49658120442
60916.42077102263
68019.92427050397
95911.81697006333
55329.57317908037
45402.08107204994
79918.03448767247
100270.01136490954
65678.806611824
42791.77555007646
77282.43353700734
52065.8084418963
65935.983296602
61655.23453635608
45489.06317710147
92115.82798177454
89922.01601448149
89033.9706430626
98843.30541698159
67289.57298650236
67077.47799636734
116587.96035518375
57760.56216432851
54502.35183552433
87691.36031212908
78317.8884009021
79550.31610864551
72365.83392040536
75256.47127997807
83691.57962808134
95633.93041741331
81289.62188505828
75991.49603862726
43836.25506635437
79085.78362938044
70518.43405318391
60995.41277279262
57841.018131616634
49580.013322223575
80965.66262833022
71017.73383835556
68001.53809702958
71043.6115320721
65141.77510840331
60722.99227228204
67529.44217522678
63082.382022438884
54965.588906418394
78847.66531843628
64146.58617112754
82663.96066343167
61191.61575772585
93328.71359891482
59025.07988405468
57066.129030282886
107097.47638797449
44326.00439681268
64033.51081022983
42227.60246057846
85962.65357943097
43734.84396110107
64164.309968446556
61142.314347674444
78196.0743405388
61950.39218926308
61389.35333336183
57655.39452333049
92889.96677212373
62668.67395792686
38603.98574141829
85510.6498957913
76473.67309342517
76444.38152737479
75517.28349948626
66823.28058129652
72036.35206188464
66225.45481988987
67591.19072068014
67567.38031078581
75420.14773721625
37317.57620031943
77954.53782806653
72153.31190717219
70663.66192824855
54015.71927623604
72593.72724354854
69504.53314142018
59069.659837720166
59913.999995486236
31034.38829294553
51901.124773783864
43095.23534152905
47058.662043957695
93019.98736157392
70693.37312454802
91397.66970031915
103617.55901426241
80028.33610502095
52540.994418573384
85676.21776274324
59258.50061449308
69964.27661325784
65273.324567099226
79077.40948205818
85764.74881273563
60140.439367500876
62270.07725342826
75873.624416537
76253.26567035525
84820.45818964548
85176.25549502898
69243.20733207176
85913.24657917816
67486.98949099575
73445.001857692
109081.16257575751
66252.7870324799
68704.32709434135
139115.26762647615
63938.87267052816
64397.967620190335
78605.34770007426
62331.56798534059
47374.913229266946
68840.7658939632
86442.54816837843
66579.55673307848
89123.08745522021
67142.08682818565
70753.15150942159
60445.23154110348
71443.94161035627
57908.58132922882
73818.40792781008
56622.27291340649
78328.80431319734
38849.21958312577
43684.85827140292
66666.80543808559
93695.77579692879
48334.763799421984
41986.19188516488
66797.37680518282
72496.27077043818
59194.43395003857
80161.58625417389
56846.90969660093
73482.17866882803
51556.05259650252
63556.53134254891
52432.12007650929
50437.50354476721
75566.21661970254
83561.02749937403
52471.586421257234
62818.23290177863
68466.52168304089
53477.68736780297
67053.14750495619
94583.68982441135
68347.38715127863
63276.82316457682
71753.39118426168
76884.2641553172
53662.63929465761
79179.9454395467
106086.86798507515
83451.70391994459
68596.98767035136
78688.71775239512
44536.27248157693
85344.82375318644
78065.12398145175
80564.220167599
27086.66278288276
50276.70543222727
35475.272036237446
56118.72702863435
77109.07285598067
50996.08461051039
104523.94604218769
92736.14431137333
78867.43548672913
85895.6621817283
74027.0039499654
74216.44626855914
60622.48625365007
48714.4351214431
75278.0212100821
67349.11398471094
84075.05916396056
61485.17814770143
55400.71148280234
100433.70366189444
55572.16919035752
43458.770994034916
48963.51285495663
55865.292447420376
71615.025821918
86525.03945411711
55010.87562443751
62100.80118970891
44147.906198352
50693.84263432032
52029.365492191086
97925.72905895936
81789.05683746558
47240.543906033454
73128.08588482748
116185.80084851314
51489.22508831568
60901.51250372014
39970.04036187446
116613.79533074576
84638.56923914819
54506.427025330006
65992.90622955997
69436.8098577615
60356.88204333531
89840.02542735885
66356.82257450647
42656.07102583384
61908.04938355993
61168.50371376262
67541.64135990253
78973.30274494464
42202.519025173024
87322.95710350969
65325.60299519946
73449.71880062531
68481.12356517685
88351.9339736949
86018.41523058835
71483.03679970755
66979.53068535653
70036.18161571876
85641.49794885002
36656.282716650894
79542.54457593843
43075.24598817165
98744.9185268136
70273.11382466486
69947.61480580801
70241.326136011
44815.38799068854
56674.13818456124
90226.43558796687
74314.85306596376
55414.053710289925
71614.89561678594
76668.30923545793
74032.49319322662
53370.58163847832
56413.08910157351
54305.995914769
70567.98992739411
58348.61964793086
58976.64722116019
81122.25554240873
67046.41747772216
71502.51050690374
83790.99326789821
87390.30627966582
87006.12514435033
89445.14619873947
58509.26686429178
66881.99458089058
97464.62813768805
50265.59100486442
82533.93855973115
88827.83010975007
74108.94331117638
41703.42519987353
61645.52806163982
80956.66473287021
78850.31029722773
51324.003310855886
50805.341381627135
76272.27805222524
77986.62484678769
75541.59511083557
51458.74718287864
104946.66966047931
54339.24521726285
45774.17138058488
66136.21591989689
37091.64712527139
77122.28197709574
89443.06181528789
64681.17442008238
53942.737049456846
69867.87946963335
64086.590298498595
37114.451886454044
73096.44845912752
39194.412811496906
65492.93047865104
61682.263154004715
87927.22352526015
60310.03664440377
60940.27928904613
80770.70194642083
89464.8638097738
85363.83486871097
88809.6663030197
58039.46388407521
86981.63176034603
76296.62332537367
68181.90184710076
58883.30276207577
90020.70016888954
50980.12259062602
72904.34933972017
44362.53977270334
86931.14550014364
117949.18580396319
48751.35187732508
89007.06551066643
77618.79135999478
68128.25500278505
63546.327653534325
71102.92922301465
100851.24033942795
55842.57663801899
76676.74568965328
87377.077004203
56033.3751801568
48327.2665226163
99592.76769741422
66395.05660865162
46120.39256535375
35432.638551786025
103119.49474357888
106360.0594142519
68916.80767870539
59274.23876292275
67326.743505022
60257.29554587591
55636.090507977075
75883.73651261906
70508.35253524351
79522.2915955494
54328.796334561775
70616.70270356935
61110.6625287165
90233.34997306744
68117.35960723141
104877.5640707894
55283.68223912972
82833.077616403
67345.29584255703
82622.51017797849
57015.317521206794
69235.9813367504
58401.691700143216
52309.414958342444
66431.71458671911
52447.93318775688
51562.29052053753
61188.03026861328
118779.3375909633
69353.99388008422
70324.81559199508
95467.33399046189
50338.49576200542
59806.613743223796
76327.8959117559
55162.6949852981
55092.83659674033
58503.967817049954
102468.26848742206
64972.44656681827
87435.23588949509
46492.24569390912
91660.02660267855
81892.94317211563
81370.9098006201
76339.89029138064
43896.83174230474
70530.79338000246
72194.18081799481
77290.41914146661
65624.99466530363
73407.20909532315
43104.67040877625
58979.52548038067
72500.98080654119
65671.99603348192
94096.71297354632
71849.0992719795
67090.45127597061
79726.65874409446
67176.05844656024
69200.45299854445
53807.89499574811
93790.66096596773
92446.93478089092
79093.76791666257
104330.72663500777
49098.66952504623
54905.20659362599
55349.422294584896
68430.17003430535
43048.21594301733
80263.05468582231
97601.85208328301
77677.71003111836
80588.99874182187
71734.72231331716
69643.44212162081
89468.40254299126
50456.49341164053
68865.69144019664
41677.206719982765
72951.17807401199
87069.80961107256
39502.20905737114
110156.63072658994
82864.06382364483
75853.52354706102
106171.6248793819
80805.8925661859
82457.5044390497
49766.341755316294
37399.42405341085
73845.65483897922
62087.33580409947
47835.56679009497
79313.31138562632
46620.52689659816
63236.04460098079
73318.55863948994
62793.62263984952
69245.42153990373
52185.51149189834
63924.00146901752
101024.75535103769
55663.15929808839
50550.95742535046
41993.912584723745
50971.72551307943
75405.32880977851
72640.19976389076
97093.32217083723
88644.58208157272
54391.09225108663
56460.746116475675
66516.11023847458
56857.43294936267
91173.44206886835
80007.5670243679
70974.62771153997
38596.75587005935
42542.981728486375
81926.62722674465
55976.57696297117
76358.37591267256
50701.22406312794
59684.55074505154
44410.5364116652
75718.501268466
71830.87371454797
64959.93909021365
70171.29496702843
111661.62727802311
70994.142450016
37553.8071265123
67187.6956965086
63094.816072277914
89446.53969461036
57907.678610078874
64914.78035457031
75020.53830325848
82131.00758956575
74719.24835691896
66391.47647168733
65395.40924114709
80228.91791432524
61178.4656480536
61573.9114532106
49995.215789631606
111738.60965140592
80885.49618233749
58739.95611735047
68899.93941800874
82577.70203466098
44045.778790060904
51047.31123680828
62937.9504763398
61328.72464866213
31561.2282377268
45324.22212506102
77532.20898423382
66155.87459820622
44047.67283048568
53771.39415255892
82393.97249273011
75643.92565991137
69475.48325178945
61922.23458627869
72094.67662902396
85808.92222927295
47898.4026856449
70590.28692066394
101813.50275159223
52685.077276222466
72156.711514648
79886.49021008825
60359.76427394608
61816.13016202781
76432.11284819411
93218.62434482898
60934.85867734002
58347.104849540345
51533.53748206223
57760.9357772197
48733.605898996684
79562.16331567949
60906.131629173964
51199.28216999862
60487.446248040455
52238.88751398623
76693.2226957432
60748.403713232256
46220.652245016354
59932.55764338959
65952.55759331446
80041.42945347176
73218.68327659121
77442.37166975792
70437.1366717986
58093.771471063264
72041.60131558382
62808.93229276464
53739.88711342362
53739.88711342362
104471.9451762398
54063.105367927245
63303.876435643404
57971.504677659854
90263.21325624817
50465.279340490255
50133.9896427427
74090.88917479201
72082.07802084276
50886.7650783861
80149.06730236916
56976.09398448029
65871.71390480993
47585.000066313725
47585.000066313725
71364.34123349574
75019.69348139806
62230.447870380536
76747.807946026
80537.73038384083
54984.23362626896
66868.10956356532
51890.49314764419
64840.862583177586
57763.4068677763
57763.4068677763
49633.39965567458
88910.69824585872
85044.74871179591
62409.74380699716
99547.19387278003
95539.55235733351
105151.04170745099
84036.90251409016
60134.30543403027
62284.53528320426
104788.10564962897
55217.79653642973
59151.04046369142
51953.05433452004
73622.20003313986
41511.62363780152
118780.21667262942
71053.53737635765
101797.3226308743
44963.25192542802
77715.34840843065
48751.88674961195
87749.47352175342
73460.20873056879
48357.82768983511
67437.15962159686
64910.960977425115
82671.61013859387
47499.571325613106
66773.23955124126
107761.46657300279
77707.84327747095
57785.37586977049
50799.681162631874
110581.96981872062
57395.30728025254
55804.41691499519
58935.24937742994
62496.41129529055
67036.82241037453
65187.4584384993
75997.13058372443
60859.41676010268
57752.78487465865
56622.344028267085
92078.47038316749
53974.60754670014
89059.51526064884
45107.09025572563
68616.2611750465
50076.284197012275
68112.59241057525
45237.9924534145
59402.583765776864
69191.32286627503
88216.070376395
70858.79555153032
90948.71681172005
68119.83021354371
62132.40871611699
40725.779004061085
51045.483794890875
76957.10591781644
98753.10767781631
53386.53500811209
55248.59259049629
67608.53218146798
51401.64098371363
57110.84908259674
42713.63124340916
58476.953628734926
84683.2528644513
104398.76566315493
81879.18573940736
45096.95429228443
79908.85214103953
103347.70918139466
101713.42035037513
75441.8082761384
61945.92979476275
43929.49678996901
46786.58714006973
53916.62542701174
57693.02485554595
85448.20821566824
38808.19796851502
92482.94202679658
59149.89138725307
71755.19373764226
75844.31091432968
62856.23972566371
56238.13438203155
40464.49082144566
69089.41651158968
59447.780330049995
61489.94629097834
81035.69520848159
55884.61255958544
108112.22005367538
69232.92842666827
59242.6423416725
44444.25521758642
82206.99901934263
73882.72364294685
44292.09825984515
80068.46384343019
95758.33441606203
75128.69303485243
54925.50944247291
75174.79838207302
65577.73826641294
78190.6484800299
46965.689891144524
113702.4616415707
85770.20893685964
55725.00650893786
58440.68818714628
69359.95061241424
85150.83926099686
68090.89745073688
56211.372561555916
58096.19004837926
44412.51264320888
82484.33358834573
99382.88259834664
68780.9041393862
86650.0248987062
65664.96817464841
74110.09209391451
55308.77980219224
39245.151151070604
43048.84556367596
56594.21299022499
89454.57514322951
61081.308607200495
92856.65949629195
37228.678491425824
63413.07492202144
77315.63265295528
45909.79658227662
56139.72088008541
86156.50732242582
79530.62825020484
100842.02450947123
55998.02420031623
50269.70752985049
49670.99597879641
79206.25847258169
